10
13
-4318 -6757 4290 6786 6750 9653 8498 -3181 8302 6725 -169 -9725 1340
23
-2539 -1916 -117 4725 8640 -7393 -3802 755 2017 -2783 -3963 -2871 7332 3370 967 9770 8418 -2467 6983 -4985 -4739 3300 -607
33
68 2358 -1378 -8295 8809 -9210 -1486 8402 181 1647 -5034 6659 3715 4601 2431 3386 9452 4964 -5189 9893 -3909 -9 -3763 2125 8757 -230 -3265 9870 9913 3709 -2464 -6189 -5518
43
-2024 -1911 3949 9620 722 -8614 -4170 9564 -37 4020 -5243 7660 6955 -4390 -3856 -7491 -8466 2235 7767 -58 -9391 1083 1243 5836 -3926 -6961 -7128 -4135 6287 9222 6449 -119 -8875 -3238 8528 1237 2949 -2616 -439 5339 -3496 -9675 3422
53
-537 7300 8905 -594 997 -8215 6225 -6043 -5062 -3250 -1072 -9081 963 8138 6382 -4700 -2932 1306 -7423 -2320 -1537 2088 2560 -7584 3072 -860 1315 7743 296 7677 4045 962 -1033 -6734 -7708 6382 1014 -8192 -9862 -6194 -345 9402 -2422 6019 -235 -8471 2681 9571 -9176 9233 -4959 -6134 -6321
63
-4677 -2795 -8613 -7937 1259 -4212 -6185 -5085 1295 -3304 8320 -1672 2783 833 -3528 703 8101 -3913 -9294 5884 -2014 -1948 -6282 1086 5196 -9194 9460 -8622 7474 9132 -896 496 3882 5801 -8379 2887 6346 -4228 8744 5500 -8253 -7093 8595 -6332 4387 -6562 -6049 -2881 -2501 -7041 2765 337 9773 9061 6166 3315 8537 -2418 1058 -7689 -9835 -4946 -8387
73
-6572 -7781 1932 4265 -9221 -7307 1904 4852 -7473 519 -4848 -2806 4379 5259 -9301 -77 -2391 -3292 2868 9654 6668 -8423 6998 5911 879 3901 5551 4469 2334 9184 7028 -997 -1017 -2891 -5580 7357 -8679 2874 6336 5873 -3977 9441 -5503 9984 -4167 -8085 4296 2381 -6306 -249 9168 7667 -2083 -7631 -7568 -2929 -4319 -3778 4352 -8686 5189 -3941 -3789 -1412 -7418 -7948 -7775 -7955 -5782 4224 -8275 616 5512
83
4418 8791 6791 -2735 -3835 9287 5146 -7277 4127 -8638 -2617 -9497 -1942 6388 -9774 -9713 -1992 5573 2606 -2276 -6590 -3065 -3723 -4480 -3570 7683 -4537 -1229 4741 4694 49 -7123 -7190 -4575 6294 -5047 -9942 2883 2540 1590 6786 -3676 -8416 -721 9586 2197 -2365 7714 -1501 8693 -9241 2778 -3509 -4267 9385 4013 -7004 4537 -9431 8359 -2708 -4870 9263 9345 1321 -2219 1088 8289 -4757 9984 -2521 -7732 -3122 2649 7130 -4870 2700 -8370 941 2179 -3358 -820 9552
93
-6521 -6547 -1317 892 1165 1131 -2270 -6409 -1440 5248 -2203 -8920 1378 -1784 487 -1102 -2885 7490 4288 4284 -3720 2308 7368 -7828 -4275 -8095 7118 5963 3028 6306 -4599 -2162 -8244 2156 6898 5509 -8667 6196 1961 -3417 -1825 6104 8116 -4778 8548 -7784 -312 4974 -2899 -4209 -8399 -457 7301 9621 7056 -848 995 -3217 2445 -122 6498 -8144 -689 7585 7228 3518 -8011 -3626 439 -7802 8452 -7950 9224 -8632 9195 -114 -980 9570 2619 1617 -49 9481 -705 -1515 -7664 3793 3372 -1964 2279 -9070 -2931 2974 -6413
103
3443 2042 1158 3634 3539 1395 6179 977 5406 4667 -2421 -1308 -2369 -9285 2929 8646 -1909 2819 -4808 -5902 4784 6735 -9650 3250 2435 4753 -9804 -9537 3768 359 -9434 -373 -7222 4433 -3943 5059 -1282 6729 -4704 7913 5198 -6310 9397 -3261 9168 -5118 -56 -8878 -4001 -6944 450 6622 4705 1293 -4098 -7532 4197 -6239 -4239 -504 2566 4536 -4292 -9759 -8084 -9406 5606 1572 -8667 4474 5670 -7164 -6577 -8875 -443 -7836 5175 5256 -3185 9534 -7191 -1590 -8902 2443 4565 6961 -7479 1013 -2676 -5791 -3896 8402 -1234 3389 -2563 4275 -9448 -8796 -9189 3697 6026 4431 5813
